[gd_scene load_steps=21 format=2]

[ext_resource path="res://cube_implementation.gd" type="Script" id=1]

[sub_resource type="BoxShape" id=1]
extents = Vector3( 0.0985, 0.154441, 0.0985 )

[sub_resource type="BoxShape" id=2]
extents = Vector3( 0.225, 0.204091, 0.0925 )

[sub_resource type="BoxShape" id=3]
extents = Vector3( 0.0925, 0.203703, 0.225 )

[sub_resource type="BoxShape" id=4]
extents = Vector3( 0.0925, 0.203703, 0.225 )

[sub_resource type="BoxShape" id=5]
extents = Vector3( 0.0925, 0.203703, 0.225 )

[sub_resource type="BoxShape" id=6]
extents = Vector3( 0.02, 0.138678, 0.29 )

[sub_resource type="BoxShape" id=7]
extents = Vector3( 0.02, 0.138678, 0.29 )

[sub_resource type="BoxShape" id=8]
extents = Vector3( 0.01, 0.075638, 0.061958 )

[sub_resource type="BoxShape" id=9]
extents = Vector3( 0.01, 0.0601566, 0.101021 )

[sub_resource type="BoxShape" id=10]
extents = Vector3( 0.01, 0.107862, 0.030756 )

[sub_resource type="BoxShape" id=11]
extents = Vector3( 0.01, 0.075638, 0.061958 )

[sub_resource type="BoxShape" id=12]
extents = Vector3( 0.01, 0.0601566, 0.101021 )

[sub_resource type="BoxShape" id=13]
extents = Vector3( 0.01, 0.107862, 0.030756 )

[sub_resource type="BoxShape" id=14]
extents = Vector3( 0.01, 0.075638, 0.061958 )

[sub_resource type="BoxShape" id=15]
extents = Vector3( 0.01, 0.0601566, 0.101021 )

[sub_resource type="BoxShape" id=16]
extents = Vector3( 0.01, 0.107862, 0.030756 )

[sub_resource type="BoxShape" id=17]
extents = Vector3( 0.01, 0.075638, 0.061958 )

[sub_resource type="BoxShape" id=18]
extents = Vector3( 0.01, 0.0601566, 0.101021 )

[sub_resource type="BoxShape" id=19]
extents = Vector3( 0.01, 0.107862, 0.030756 )

[node name="Bubble_Machine" type="Spatial"]
script = ExtResource( 1 )

[node name="Bubble_Machine" type="Spatial" parent="."]

[node name="BuildCollisionBase" type="Area" parent="Bubble_Machine"]

[node name="CollisionShape" type="CollisionShape" parent="Bubble_Machine/BuildCollisionBase"]
transform = Transform( 1, 0, 0, 0, 1, 0, 0, 0, 1, 0, 0.0559405, 0 )
shape = SubResource( 1 )

[node name="BuildCollision" type="Area" parent="Bubble_Machine"]

[node name="CollisionShape" type="CollisionShape" parent="Bubble_Machine/BuildCollision"]
transform = Transform( 1, 0, 0, 0, 1, 0, 0, 0, 1, 0, 0.139091, 0 )
shape = SubResource( 2 )

[node name="BuildCollision2" type="Area" parent="Bubble_Machine"]
transform = Transform( 1, 0, 0, 0, 1, 0, 0, 0, 1, 0, 0, 0 )

[node name="CollisionShape" type="CollisionShape" parent="Bubble_Machine/BuildCollision2"]
transform = Transform( 1, 0, 0, 0, 1, 0, 0, 0, 1, 0, 0.138703, 0 )
shape = SubResource( 3 )

[node name="BuildCollision3" type="Area" parent="Bubble_Machine"]
transform = Transform( 0.707107, 0, 0.707107, 0, 1, 0, -0.707107, 0, 0.707107, 0, 0, 0 )

[node name="CollisionShape" type="CollisionShape" parent="Bubble_Machine/BuildCollision3"]
transform = Transform( 1, 0, 0, 0, 1, 0, 0, 0, 1, 0, 0.138703, 0 )
shape = SubResource( 4 )

[node name="BuildCollision4" type="Area" parent="Bubble_Machine"]
transform = Transform( 0.707107, 0, -0.707107, 0, 1, 0, 0.707107, 0, 0.707107, 0, 0, 0 )

[node name="CollisionShape" type="CollisionShape" parent="Bubble_Machine/BuildCollision4"]
transform = Transform( 1, 0, 0, 0, 1, 0, 0, 0, 1, 0, 0.138703, 0 )
shape = SubResource( 5 )

[node name="BuildCollision5" type="Area" parent="Bubble_Machine"]
transform = Transform( 0.707107, 0, -0.707107, 0, 1, 0, 0.707107, 0, 0.707107, 0, 0, 0 )

[node name="CollisionShape" type="CollisionShape" parent="Bubble_Machine/BuildCollision5"]
transform = Transform( 1, 0, 0, 0, 1, 0, 0, 0, 1, 0, 0.073678, 0 )
shape = SubResource( 6 )

[node name="BuildCollision6" type="Area" parent="Bubble_Machine"]
transform = Transform( 0.707107, 0, 0.707107, 0, 1, 0, -0.707107, 0, 0.707107, 0, 0, 0 )

[node name="CollisionShape" type="CollisionShape" parent="Bubble_Machine/BuildCollision6"]
transform = Transform( 1, 0, 0, 0, 1, 0, 0, 0, 1, 0, 0.073678, 0 )
shape = SubResource( 7 )

[node name="BuildCollision7" type="Area" parent="Bubble_Machine"]
transform = Transform( 0.707107, 0, 0.707107, 0, 1, 0, -0.707107, 0, 0.707107, 0, 0, 0 )

[node name="CollisionShape" type="CollisionShape" parent="Bubble_Machine/BuildCollision7"]
transform = Transform( 1, 0, 0, 0, 1, 0, 0, 0, 1, 3.36764e-05, 0.313588, -0.318862 )
shape = SubResource( 8 )

[node name="BuildCollision8" type="Area" parent="Bubble_Machine"]
transform = Transform( 0.703384, 0.517441, 0.487346, 0.00314158, 0.68335, -0.730084, -0.710804, 0.51506, 0.479032, -0.2079, 0.2367, -0.208 )

[node name="CollisionShape" type="CollisionShape" parent="Bubble_Machine/BuildCollision8"]
transform = Transform( 1, 0, 0, 0, 1, 0, 0, 0, 1, -8.80964e-08, -0.00226747, 0.0403694 )
shape = SubResource( 9 )

[node name="BuildCollision9" type="Area" parent="Bubble_Machine"]
transform = Transform( 0.707107, 0, 0.707107, 0, 1, 0, -0.707107, 0, 0.707107, 0, 0, 0 )

[node name="CollisionShape" type="CollisionShape" parent="Bubble_Machine/BuildCollision9"]
transform = Transform( 1, 0, 0, 0, 1, 0, 0, 0, 1, 4.97607e-05, 0.362168, -0.350053 )
shape = SubResource( 10 )

[node name="BuildCollision10" type="Area" parent="Bubble_Machine"]
transform = Transform( 0.707107, 0, -0.707107, 0, 1, 0, 0.707107, 0, 0.707107, 0, 0, 0 )

[node name="CollisionShape" type="CollisionShape" parent="Bubble_Machine/BuildCollision10"]
transform = Transform( 1, 0, 0, 0, 1, 0, 0, 0, 1, 3.36764e-05, 0.313588, -0.318862 )
shape = SubResource( 11 )

[node name="BuildCollision11" type="Area" parent="Bubble_Machine"]
transform = Transform( 0.710804, -0.51506, -0.479032, 0.00314161, 0.68335, -0.730084, 0.703384, 0.517441, 0.487346, 0.208, 0.2367, -0.2079 )

[node name="CollisionShape" type="CollisionShape" parent="Bubble_Machine/BuildCollision11"]
transform = Transform( 1, 0, 0, 0, 1, 0, 0, 0, 1, -8.80964e-08, -0.00226747, 0.0403694 )
shape = SubResource( 12 )

[node name="BuildCollision12" type="Area" parent="Bubble_Machine"]
transform = Transform( 0.707107, 0, -0.707107, 0, 1, 0, 0.707107, 0, 0.707107, 0, 0, 0 )

[node name="CollisionShape" type="CollisionShape" parent="Bubble_Machine/BuildCollision12"]
transform = Transform( 1, 0, 0, 0, 1, 0, 0, 0, 1, 4.97607e-05, 0.362168, -0.350053 )
shape = SubResource( 13 )

[node name="BuildCollision13" type="Area" parent="Bubble_Machine"]
transform = Transform( -0.707067, 0, 0.707146, 0, 1, 0, -0.707146, 0, -0.707067, 0, 0, 0 )

[node name="CollisionShape" type="CollisionShape" parent="Bubble_Machine/BuildCollision13"]
transform = Transform( 1, 0, 0, 0, 1, 0, 0, 0, 1, 3.36764e-05, 0.313588, -0.318862 )
shape = SubResource( 14 )

[node name="BuildCollision14" type="Area" parent="Bubble_Machine"]
transform = Transform( -0.710765, 0.515089, 0.479059, 0.00314158, 0.68335, -0.730084, -0.703423, -0.517413, -0.487319, -0.208012, 0.2367, 0.207888 )

[node name="CollisionShape" type="CollisionShape" parent="Bubble_Machine/BuildCollision14"]
transform = Transform( 1, 0, 0, 0, 1, 0, 0, 0, 1, -8.80964e-08, -0.00226747, 0.0403694 )
shape = SubResource( 15 )

[node name="BuildCollision15" type="Area" parent="Bubble_Machine"]
transform = Transform( -0.707067, 0, 0.707146, 0, 1, 0, -0.707146, 0, -0.707067, 0, 0, 0 )

[node name="CollisionShape" type="CollisionShape" parent="Bubble_Machine/BuildCollision15"]
transform = Transform( 1, 0, 0, 0, 1, 0, 0, 0, 1, 4.97607e-05, 0.362168, -0.350053 )
shape = SubResource( 16 )

[node name="BuildCollision16" type="Area" parent="Bubble_Machine"]
transform = Transform( -0.707107, 0, -0.707107, 0, 1, 0, 0.707107, 0, -0.707107, 0, 0, 0 )

[node name="CollisionShape" type="CollisionShape" parent="Bubble_Machine/BuildCollision16"]
transform = Transform( 1, 0, 0, 0, 1, 0, 0, 0, 1, 3.36764e-05, 0.313588, -0.318862 )
shape = SubResource( 17 )

[node name="BuildCollision17" type="Area" parent="Bubble_Machine"]
transform = Transform( -0.703384, -0.517441, -0.487346, 0.00314161, 0.68335, -0.730084, 0.710804, -0.51506, -0.479032, 0.2079, 0.2367, 0.208 )

[node name="CollisionShape" type="CollisionShape" parent="Bubble_Machine/BuildCollision17"]
transform = Transform( 1, 0, 0, 0, 1, 0, 0, 0, 1, -8.80964e-08, -0.00226747, 0.0403694 )
shape = SubResource( 18 )

[node name="BuildCollision18" type="Area" parent="Bubble_Machine"]
transform = Transform( -0.707107, 0, -0.707107, 0, 1, 0, 0.707107, 0, -0.707107, 0, 0, 0 )

[node name="CollisionShape" type="CollisionShape" parent="Bubble_Machine/BuildCollision18"]
transform = Transform( 1, 0, 0, 0, 1, 0, 0, 0, 1, 4.97607e-05, 0.362168, -0.350053 )
shape = SubResource( 19 )
