[gd_scene load_steps=10 format=2]

[ext_resource path="res://cube_implementation.gd" type="Script" id=1]

[sub_resource type="BoxShape" id=1]
extents = Vector3( 0.28, 0.261767, 0.28 )

[sub_resource type="BoxShape" id=2]
extents = Vector3( 0.0985, 0.0985, 0.0985 )

[sub_resource type="BoxShape" id=3]
extents = Vector3( 0.058658, 0.0372481, 0.120193 )

[sub_resource type="BoxShape" id=4]
extents = Vector3( 0.058658, 0.0372481, 0.126404 )

[sub_resource type="BoxShape" id=5]
extents = Vector3( 0.058658, 0.0635897, 0.032399 )

[sub_resource type="BoxShape" id=6]
extents = Vector3( 0.058658, 0.0635897, 0.032399 )

[sub_resource type="BoxShape" id=7]
extents = Vector3( 0.12819, 0.0373001, 0.05 )

[sub_resource type="BoxShape" id=8]
extents = Vector3( 0.12819, 0.0373001, 0.05 )

[node name="Present_Small" type="Spatial"]
script = ExtResource( 1 )

[node name="Present_Small" type="Spatial" parent="."]

[node name="Collision" type="Area" parent="Present_Small"]

[node name="CollisionShape" type="CollisionShape" parent="Present_Small/Collision"]
transform = Transform( 1, 0, 0, 0, 1, 0, 0, 0, 1, 0, 0.170977, 0 )
shape = SubResource( 1 )

[node name="Collision_ConnectionPoint" type="Area" parent="Present_Small"]

[node name="CollisionShape" type="CollisionShape" parent="Present_Small/Collision_ConnectionPoint"]
shape = SubResource( 2 )

[node name="Collision (1)" type="Area" parent="Present_Small"]
transform = Transform( 0.937574, 0.113356, -0.328794, -3.72529e-09, 0.945391, 0.325938, 0.347786, -0.305591, 0.886374, 0, 0, 0 )

[node name="CollisionShape" type="CollisionShape" parent="Present_Small/Collision (1)"]
transform = Transform( 1, 0, 0, 0, 1, 0, 0, 0, 1, 0.0248861, 0.367017, 0.229616 )
shape = SubResource( 3 )

[node name="Collision (1)_mirrored" type="Area" parent="Present_Small"]
transform = Transform( 0.937574, 0.113356, 0.328794, -3.72529e-09, 0.945391, -0.325938, -0.347786, 0.305591, 0.886374, 0, 0, 0 )

[node name="CollisionShape" type="CollisionShape" parent="Present_Small/Collision (1)_mirrored"]
transform = Transform( 1, 0, 0, 0, 1, 0, 0, 0, 1, 0.0248862, 0.367017, -0.223404 )
shape = SubResource( 4 )

[node name="Collision (2)" type="Area" parent="Present_Small"]
transform = Transform( 0.937574, -0.180763, -0.297119, 7.45058e-09, 0.854316, -0.519754, 0.347786, 0.487308, 0.800984, 0.100023, 0.244958, -0.269647 )

[node name="CollisionShape" type="CollisionShape" parent="Present_Small/Collision (2)"]
transform = Transform( 1, 0, 0, 0, 1, 0, 0, 0, 1, 0.0248842, 0.405433, 0.318169 )
shape = SubResource( 5 )

[node name="Collision (2)_mirrored" type="Area" parent="Present_Small"]
transform = Transform( 0.937574, -0.180763, 0.297119, 7.45058e-09, 0.854316, 0.519754, -0.347786, -0.487308, 0.800984, 0.100023, 0.244958, 0.269647 )

[node name="CollisionShape" type="CollisionShape" parent="Present_Small/Collision (2)_mirrored"]
transform = Transform( 1, 0, 0, 0, 1, 0, 0, 0, 1, 0.0248842, 0.405433, -0.318169 )
shape = SubResource( 6 )

[node name="Collision (3)" type="Area" parent="Present_Small"]
transform = Transform( 0.866845, 0, 0.498578, 0, 1, 0, -0.498578, 0, 0.866845, 0, 0, 0 )

[node name="CollisionShape" type="CollisionShape" parent="Present_Small/Collision (3)"]
transform = Transform( 1, 0, 0, 0, 1, 0, 0, 0, 1, 0.111874, 0.411338, -3.56896e-09 )
shape = SubResource( 7 )

[node name="Collision (3)_mirrored" type="Area" parent="Present_Small"]
transform = Transform( 0.866845, 0, -0.498578, 0, 1, 0, 0.498578, 0, 0.866845, 0, 0, 0 )

[node name="CollisionShape" type="CollisionShape" parent="Present_Small/Collision (3)_mirrored"]
transform = Transform( 1, 0, 0, 0, 1, 0, 0, 0, 1, 0.111874, 0.411338, 3.56896e-09 )
shape = SubResource( 8 )
