[gd_scene load_steps=11 format=2]

[ext_resource path="res://cube_implementation.gd" type="Script" id=1]

[sub_resource type="BoxShape" id=1]
extents = Vector3( 0.645, 0.325, 0.27 )

[sub_resource type="BoxShape" id=2]
extents = Vector3( 0.49, 0.195, 0.185 )

[sub_resource type="BoxShape" id=3]
extents = Vector3( 0.595, 0.26, 0.27 )

[sub_resource type="BoxShape" id=4]
extents = Vector3( 0.325, 0.215, 0.46 )

[sub_resource type="BoxShape" id=5]
extents = Vector3( 0.24, 0.105, 0.275 )

[sub_resource type="BoxShape" id=6]
extents = Vector3( 0.16, 0.18, 0.27 )

[sub_resource type="ConvexPolygonShape" id=7]
points = PoolVector3Array( -8.71568, -7.52018, 2.90188, -6.17398, -4.15746, 2.14208, 7.28432, -7.75889, 2.9484, -1.52452, -2.0043, 1.52449, 1.52452, -2.0043, 1.52449, -1.52452, -2.0043, 1.52449, -1.52452, -2.0043, -1.52452, 1.52452, -2.0043, 1.52449, 1.52452, -2.0043, -1.52452, -8.71568, -7.52018, -2.9019, 7.28432, -7.75889, -2.94843, -6.17398, -4.15746, -2.1421, -1.52452, -2.0043, -1.52452, 1.52452, -2.0043, -1.52452, -6.17398, -4.15746, 2.14208, -8.71568, -7.52018, 2.90188, -6.17398, -4.15746, -2.1421, -8.71568, -7.52018, -2.9019, -1.52452, -2.0043, 1.52449, -6.17398, -4.15746, 2.14208, -1.52452, -2.0043, -1.52452, -6.17398, -4.15746, -2.1421, 1.52452, -2.0043, -1.52452, 7.28432, -7.75889, -2.94843, 1.52452, -2.0043, 1.52449, 7.28432, -7.75889, 2.9484, 7.28432, -12.7373, 3.47506, 7.28432, -12.7373, -3.47509, -8.71568, -12.907, 3.47506, -8.71568, -12.907, -3.47509, 7.28432, -12.7373, -3.47509, 7.28432, -7.75889, -2.94843, -8.71568, -12.907, -3.47509, -8.71568, -7.52018, -2.9019, -8.71568, -12.907, -3.47509, -8.71568, -7.52018, -2.9019, -8.71568, -12.907, 3.47506, -8.71568, -7.52018, 2.90188, -8.71568, -12.907, 3.47506, -8.71568, -7.52018, 2.90188, 7.28432, -12.7373, 3.47506, 7.28432, -7.75889, 2.9484, 7.28432, -12.7373, 3.47506, 7.28432, -7.75889, 2.9484, 7.28432, -12.7373, -3.47509, 7.28432, -7.75889, -2.94843 )

[sub_resource type="BoxShape" id=8]
extents = Vector3( 0.095, 0.095, 0.295 )

[sub_resource type="BoxShape" id=9]
extents = Vector3( 0.095, 0.095, 0.295 )

[node name="T3_Mech_Leg" type="Spatial"]
script = ExtResource( 1 )

[node name="T3_Mech_Leg" type="Spatial" parent="."]

[node name="Build Collision" type="Spatial" parent="T3_Mech_Leg"]
transform = Transform( -1, 8.74228e-08, 0, -8.74228e-08, -1, 0, 0, 0, 1, 0, 0, 0 )

[node name="Collision" type="Area" parent="T3_Mech_Leg/Build Collision"]
transform = Transform( 5.36442e-07, 0, -1, -0.700493, 0.71366, -3.8743e-07, 0.71366, 0.700493, 3.57628e-07, 0, -0.808, 0.352 )

[node name="CollisionShape" type="CollisionShape" parent="T3_Mech_Leg/Build Collision/Collision"]
shape = SubResource( 1 )

[node name="Collision2" type="Area" parent="T3_Mech_Leg/Build Collision"]
transform = Transform( 2.38419e-07, -4.02331e-07, -1, 0.345967, 0.938247, -2.98023e-07, 0.938247, -0.345967, 3.57628e-07, 0, -1.142, -0.051 )

[node name="CollisionShape" type="CollisionShape" parent="T3_Mech_Leg/Build Collision/Collision2"]
shape = SubResource( 2 )

[node name="Collision3" type="Area" parent="T3_Mech_Leg/Build Collision"]
transform = Transform( 4.76837e-07, 1.78814e-07, -1, -0.901326, 0.433142, -3.57628e-07, 0.433142, 0.901326, 3.57628e-07, 0, -1.641, -0.331 )

[node name="CollisionShape" type="CollisionShape" parent="T3_Mech_Leg/Build Collision/Collision3"]
shape = SubResource( 3 )

[node name="Collision4" type="Area" parent="T3_Mech_Leg/Build Collision"]
transform = Transform( 1, 0, 0, 0, 1, 0, 0, 0, 1, 0, -2, 0.166 )

[node name="CollisionShape" type="CollisionShape" parent="T3_Mech_Leg/Build Collision/Collision4"]
shape = SubResource( 4 )

[node name="Collision5" type="Area" parent="T3_Mech_Leg/Build Collision"]
transform = Transform( -1, 3.01992e-07, 3.89414e-07, -3.01992e-07, -1, 1.176e-13, 3.89414e-07, 0, 1, 0, -0.2121, 0 )

[node name="CollisionShape" type="CollisionShape" parent="T3_Mech_Leg/Build Collision/Collision5"]
shape = SubResource( 5 )

[node name="Collision6" type="Area" parent="T3_Mech_Leg/Build Collision"]
transform = Transform( 5.36442e-07, 2.98023e-08, -1, -0.700493, 0.713659, -3.57628e-07, 0.713659, 0.700493, 3.57628e-07, 0, -0.3709, -0.2805 )

[node name="CollisionShape" type="CollisionShape" parent="T3_Mech_Leg/Build Collision/Collision6"]
shape = SubResource( 6 )

[node name="ExtentCollider" type="Area" parent="T3_Mech_Leg"]
transform = Transform( 0, 1.75142e-07, -0.186416, -4.19446e-07, -0.186416, -1.75142e-07, -0.186416, 4.19446e-07, 0, 0, -0.17, 0 )

[node name="CollisionShape" type="CollisionShape" parent="T3_Mech_Leg/ExtentCollider"]
shape = SubResource( 7 )

[node name="AttachCollider" type="Area" parent="T3_Mech_Leg"]
transform = Transform( 1, -3.89414e-07, -3.89414e-07, 3.89414e-07, 1, -1.51644e-13, 3.89414e-07, 0, 1, 0, 0, 0 )

[node name="CollisionShape" type="CollisionShape" parent="T3_Mech_Leg/AttachCollider"]
shape = SubResource( 8 )

[node name="AttachCollider2" type="Area" parent="T3_Mech_Leg"]
transform = Transform( -3.57628e-07, -3.89414e-07, -1, -1.42109e-13, 1, -3.89414e-07, 1, 1.42109e-14, -3.57628e-07, 0, 0, 0 )

[node name="CollisionShape" type="CollisionShape" parent="T3_Mech_Leg/AttachCollider2"]
shape = SubResource( 9 )
