[gd_scene load_steps=33 format=2]

[ext_resource path="res://cube_implementation.gd" type="Script" id=1]
[ext_resource path="res://models/cosmetic/Fairy_Light9029173049215609409.obj" type="ArrayMesh" id=2]

[sub_resource type="BoxShape" id=1]
extents = Vector3( 0.0985, 0.0214876, 0.0985 )

[sub_resource type="BoxShape" id=2]
extents = Vector3( 0.0985, 0.0214876, 0.0985 )

[sub_resource type="BoxShape" id=3]
extents = Vector3( 0.03, 0.0363483, 0.04 )

[sub_resource type="BoxShape" id=4]
extents = Vector3( 0.03, 0.0363483, 0.04 )

[sub_resource type="BoxShape" id=5]
extents = Vector3( 0.03, 0.0363483, 0.04 )

[sub_resource type="BoxShape" id=6]
extents = Vector3( 0.03, 0.0363483, 0.04 )

[sub_resource type="CapsuleShape" id=7]
radius = 0.0175
height = 0.0806706

[sub_resource type="CapsuleShape" id=8]
radius = 0.0175
height = 0.0806706

[sub_resource type="CapsuleShape" id=9]
radius = 0.0175
height = 0.0806706

[sub_resource type="CapsuleShape" id=10]
radius = 0.0175
height = 0.0806706

[sub_resource type="CapsuleShape" id=11]
radius = 0.0175
height = 0.0806706

[sub_resource type="CapsuleShape" id=12]
radius = 0.0175
height = 0.0806706

[sub_resource type="CapsuleShape" id=13]
radius = 0.0175
height = 0.0806706

[sub_resource type="CapsuleShape" id=14]
radius = 0.0175
height = 0.0806706

[sub_resource type="BoxShape" id=15]
extents = Vector3( 0.00620073, 0.0318083, 0.00707308 )

[sub_resource type="BoxShape" id=16]
extents = Vector3( 0.00838063, 0.0516462, 0.00707308 )

[sub_resource type="BoxShape" id=17]
extents = Vector3( 0.00838063, 0.0516462, 0.00707308 )

[sub_resource type="BoxShape" id=18]
extents = Vector3( 0.00838063, 0.0516462, 0.00707308 )

[sub_resource type="BoxShape" id=19]
extents = Vector3( 0.00838063, 0.0516462, 0.00707308 )

[sub_resource type="BoxShape" id=20]
extents = Vector3( 0.00838063, 0.0516462, 0.00707308 )

[sub_resource type="BoxShape" id=21]
extents = Vector3( 0.00838063, 0.0516462, 0.00707308 )

[sub_resource type="BoxShape" id=22]
extents = Vector3( 0.00726998, 0.0676918, 0.00707308 )

[sub_resource type="BoxShape" id=23]
extents = Vector3( 0.00620073, 0.0311749, 0.00707308 )

[sub_resource type="BoxShape" id=24]
extents = Vector3( 0.00620078, 0.0483223, 0.00707308 )

[sub_resource type="BoxShape" id=25]
extents = Vector3( 0.00620077, 0.0468404, 0.00707308 )

[sub_resource type="BoxShape" id=26]
extents = Vector3( 0.00620073, 0.0279506, 0.00707308 )

[sub_resource type="BoxShape" id=27]
extents = Vector3( 0.00620073, 0.0311749, 0.00707308 )

[sub_resource type="BoxShape" id=28]
extents = Vector3( 0.00620077, 0.0492026, 0.00707308 )

[sub_resource type="BoxShape" id=29]
extents = Vector3( 0.00620078, 0.0467763, 0.00707308 )

[sub_resource type="BoxShape" id=30]
extents = Vector3( 0.00620074, 0.0321703, 0.00707308 )

[node name="Fairy_Light" type="Spatial"]
script = ExtResource( 1 )

[node name="Fairy_Light" type="Spatial" parent="."]

[node name="Fairy_Light" type="MeshInstance" parent="Fairy_Light"]
transform = Transform( 0, 0.2, 0, -0.2, 0, 0, 0, 0, 0.2, 0, -0.1, 0 )
cast_shadow = 0
mesh = ExtResource( 2 )
material/0 = null
material/1 = null

[node name="ConnectionPoint" type="Area" parent="Fairy_Light"]
transform = Transform( 1, 0, 0, 0, 1, 0, 0, 0, 1, 0, -0.1, 0 )

[node name="CollisionShape" type="CollisionShape" parent="Fairy_Light/ConnectionPoint"]
transform = Transform( 1, 0, 0, 0, 1, 0, 0, 0, 1, 0, 0.023119, 0 )
shape = SubResource( 1 )

[node name="ConnectionPoint2" type="Area" parent="Fairy_Light"]
transform = Transform( 1, 0, 0, 0, 1, 0, 0, 0, 1, 0, 0.9, 0 )

[node name="CollisionShape" type="CollisionShape" parent="Fairy_Light/ConnectionPoint2"]
transform = Transform( 1, 0, 0, 0, 1, 0, 0, 0, 1, 0, -0.023119, 0 )
shape = SubResource( 2 )

[node name="Collision_Connect" type="Area" parent="Fairy_Light"]
transform = Transform( 1, 0, 0, 0, 1, 0, 0, 0, 1, 0, -0.1, 0 )

[node name="CollisionShape" type="CollisionShape" parent="Fairy_Light/Collision_Connect"]
transform = Transform( 1, 0, 0, 0, 1, 0, 0, 0, 1, 0, 0.0637003, 0 )
shape = SubResource( 3 )

[node name="Collision_Connect2" type="Area" parent="Fairy_Light"]
transform = Transform( 1, 0, 0, 0, 1, 0, 0, 0, 1, 0, 0.9, 0 )

[node name="CollisionShape" type="CollisionShape" parent="Fairy_Light/Collision_Connect2"]
transform = Transform( 1, 0, 0, 0, 1, 0, 0, 0, 1, 0, -0.0637003, 0 )
shape = SubResource( 4 )

[node name="Collision_Connect3" type="Area" parent="Fairy_Light"]
transform = Transform( 0, 0, 1, 0, 1, 0, -1, 0, 0, 0, -0.1, 0 )

[node name="CollisionShape" type="CollisionShape" parent="Fairy_Light/Collision_Connect3"]
transform = Transform( 1, 0, 0, 0, 1, 0, 0, 0, 1, 0, 0.0637003, 0 )
shape = SubResource( 5 )

[node name="Collision_Connect4" type="Area" parent="Fairy_Light"]
transform = Transform( 0, 0, 1, 0, 1, 0, -1, 0, 0, 0, 0.9, 0 )

[node name="CollisionShape" type="CollisionShape" parent="Fairy_Light/Collision_Connect4"]
transform = Transform( 1, 0, 0, 0, 1, 0, 0, 0, 1, 0, -0.0637003, 0 )
shape = SubResource( 6 )

[node name="Collision_Lights" type="Area" parent="Fairy_Light"]
transform = Transform( 0.859052, 0.441425, -0.259179, -0.507732, 0.799176, -0.321755, 0.0650993, 0.407997, 0.910659, -0.0913, 0.0674, -0.0106 )

[node name="CollisionShape" type="CollisionShape" parent="Fairy_Light/Collision_Lights"]
transform = Transform( 1, 0, 0, 0, 1, 0, 0, 0, 1, -6.21283e-11, -0.00966473, 7.69277e-09 )
shape = SubResource( 7 )

[node name="Collision_Lights2" type="Area" parent="Fairy_Light"]
transform = Transform( 0.669349, 0.67468, 0.311091, -0.654308, 0.336978, 0.676998, 0.351926, -0.656698, 0.667005, -0.1784, 0.1516, 0.0156 )

[node name="CollisionShape" type="CollisionShape" parent="Fairy_Light/Collision_Lights2"]
transform = Transform( 1, 0, 0, 0, 1, 0, 0, 0, 1, -6.21283e-11, -0.00966473, 7.69277e-09 )
shape = SubResource( 8 )

[node name="Collision_Lights3" type="Area" parent="Fairy_Light"]
transform = Transform( -0.131439, 0.858011, -0.496529, -0.787534, 0.213835, 0.577983, 0.602091, 0.467003, 0.647607, -0.2452, 0.2458, -0.01 )

[node name="CollisionShape" type="CollisionShape" parent="Fairy_Light/Collision_Lights3"]
transform = Transform( 1, 0, 0, 0, 1, 0, 0, 0, 1, -6.21283e-11, -0.00966473, 7.69277e-09 )
shape = SubResource( 9 )

[node name="Collision_Lights4" type="Area" parent="Fairy_Light"]
transform = Transform( 0.134284, 0.915207, 0.379954, -0.833811, -0.102836, 0.542389, 0.53547, -0.389644, 0.7493, -0.2784, 0.3575, 0.0115 )

[node name="CollisionShape" type="CollisionShape" parent="Fairy_Light/Collision_Lights4"]
transform = Transform( 1, 0, 0, 0, 1, 0, 0, 0, 1, -6.21283e-11, -0.00966473, 7.69277e-09 )
shape = SubResource( 10 )

[node name="Collision_Lights5" type="Area" parent="Fairy_Light"]
transform = Transform( -0.182611, 0.942344, -0.28043, -0.93911, -0.0827358, 0.333508, 0.291078, 0.324257, 0.900073, -0.278, 0.4697, -0.0093 )

[node name="CollisionShape" type="CollisionShape" parent="Fairy_Light/Collision_Lights5"]
transform = Transform( 1, 0, 0, 0, 1, 0, 0, 0, 1, -6.21283e-11, -0.00966473, 7.69277e-09 )
shape = SubResource( 11 )

[node name="Collision_Lights6" type="Area" parent="Fairy_Light"]
transform = Transform( -0.354059, 0.711508, 0.606958, -0.844755, -0.521781, 0.118884, 0.401286, -0.470639, 0.785791, -0.238, 0.5874, 0.01 )

[node name="CollisionShape" type="CollisionShape" parent="Fairy_Light/Collision_Lights6"]
transform = Transform( 1, 0, 0, 0, 1, 0, 0, 0, 1, -6.21283e-11, -0.00966473, 7.69277e-09 )
shape = SubResource( 12 )

[node name="Collision_Lights7" type="Area" parent="Fairy_Light"]
transform = Transform( -0.848473, 0.39499, -0.352247, -0.528829, -0.658988, 0.53486, -0.0208623, 0.640093, 0.768014, -0.1658, 0.675, -0.0107 )

[node name="CollisionShape" type="CollisionShape" parent="Fairy_Light/Collision_Lights7"]
transform = Transform( 1, 0, 0, 0, 1, 0, 0, 0, 1, -6.21283e-11, -0.00966473, 7.69277e-09 )
shape = SubResource( 13 )

[node name="Collision_Lights8" type="Area" parent="Fairy_Light"]
transform = Transform( -0.765325, 0.641868, 0.0477773, -0.636952, -0.765955, 0.0872095, 0.0925723, 0.0363118, 0.995044, -0.0865, 0.754, 0.0027 )

[node name="CollisionShape" type="CollisionShape" parent="Fairy_Light/Collision_Lights8"]
transform = Transform( 1, 0, 0, 0, 1, 0, 0, 0, 1, -6.21283e-11, -0.00966473, 7.69277e-09 )
shape = SubResource( 14 )

[node name="Collision_Wire" type="Area" parent="Fairy_Light"]
transform = Transform( 0.748628, -0.662991, 0, 0.662991, 0.748628, 0, 0, 0, 1, 0, 0, 0 )

[node name="CollisionShape" type="CollisionShape" parent="Fairy_Light/Collision_Wire"]
transform = Transform( 1, 0, 0, 0, 1, 0, 0, 0, 1, 0.00247509, 0.0840411, 0.00218195 )
shape = SubResource( 15 )

[node name="Collision_Wire2" type="Area" parent="Fairy_Light"]
transform = Transform( 0.660626, -0.749844, -0.0361548, 0.750683, 0.659384, 0.0410808, -0.00696427, -0.0542798, 0.998501, -0.1079, 0.1091, 0.0011 )

[node name="CollisionShape" type="CollisionShape" parent="Fairy_Light/Collision_Wire2"]
transform = Transform( 1, 0, 0, 0, 1, 0, 0, 0, 1, -0.00218, 0.0184569, 1.92331e-11 )
shape = SubResource( 16 )

[node name="Collision_Wire3" type="Area" parent="Fairy_Light"]
transform = Transform( 0.768606, -0.635339, 0.0747667, 0.639029, 0.767953, -0.0434771, -0.0297947, 0.0811948, 0.996253, -0.178, 0.192, -0.0016 )

[node name="CollisionShape" type="CollisionShape" parent="Fairy_Light/Collision_Wire3"]
transform = Transform( 1, 0, 0, 0, 1, 0, 0, 0, 1, -0.00218, 0.0184569, 1.92331e-11 )
shape = SubResource( 17 )

[node name="Collision_Wire4" type="Area" parent="Fairy_Light"]
transform = Transform( 0.936525, -0.342603, 0.0744572, 0.333346, 0.935926, 0.113676, -0.108632, -0.0816402, 0.990724, -0.2321, 0.287, 0.0051 )

[node name="CollisionShape" type="CollisionShape" parent="Fairy_Light/Collision_Wire4"]
transform = Transform( 1, 0, 0, 0, 1, 0, 0, 0, 1, -0.00218, 0.0184569, 1.92331e-11 )
shape = SubResource( 18 )

[node name="Collision_Wire5" type="Area" parent="Fairy_Light"]
transform = Transform( 0.993693, -0.0821868, 0.076285, 0.080604, 0.996467, 0.0236066, -0.0779556, -0.0173089, 0.996807, -0.2501, 0.392, 0.0021 )

[node name="CollisionShape" type="CollisionShape" parent="Fairy_Light/Collision_Wire5"]
transform = Transform( 1, 0, 0, 0, 1, 0, 0, 0, 1, -0.00218, 0.0184569, 1.92331e-11 )
shape = SubResource( 19 )

[node name="Collision_Wire6" type="Area" parent="Fairy_Light"]
transform = Transform( 0.94226, 0.322998, 0.0884247, -0.328948, 0.942204, 0.0636062, -0.0627695, -0.0890207, 0.99405, -0.2466, 0.5034, 0.0067 )

[node name="CollisionShape" type="CollisionShape" parent="Fairy_Light/Collision_Wire6"]
transform = Transform( 1, 0, 0, 0, 1, 0, 0, 0, 1, -0.00218, 0.0184569, 1.92331e-11 )
shape = SubResource( 20 )

[node name="Collision_Wire7" type="Area" parent="Fairy_Light"]
transform = Transform( 0.747878, 0.659419, 0.0764511, -0.637841, 0.745723, -0.192499, -0.183949, 0.0952023, 0.978315, -0.2033, 0.6052, 0.0057 )

[node name="CollisionShape" type="CollisionShape" parent="Fairy_Light/Collision_Wire7"]
transform = Transform( 1, 0, 0, 0, 1, 0, 0, 0, 1, -0.00218, 0.0184569, 1.92331e-11 )
shape = SubResource( 21 )

[node name="Collision_Wire8" type="Area" parent="Fairy_Light"]
transform = Transform( 0.633394, 0.758099, 0.155235, -0.751648, 0.650418, -0.10946, -0.183949, -0.0473509, 0.981795, -0.1254, 0.6847, 0.0071 )

[node name="CollisionShape" type="CollisionShape" parent="Fairy_Light/Collision_Wire8"]
transform = Transform( 1, 0, 0, 0, 1, 0, 0, 0, 1, -0.00106948, 0.0345022, 1.36124e-08 )
shape = SubResource( 22 )

[node name="Collision_Wire9" type="Area" parent="Fairy_Light"]
transform = Transform( 0.968792, -0.0630888, 0.239712, 0.0915115, 0.989782, -0.109346, -0.230364, 0.12787, 0.964667, -0.0005, -0.0117, -0.0515 )

[node name="CollisionShape" type="CollisionShape" parent="Fairy_Light/Collision_Wire9"]
transform = Transform( 1, 0, 0, 0, 1, 0, 0, 0, 1, 3.18839e-08, -0.0172217, 1.42977e-09 )
shape = SubResource( 23 )

[node name="Collision_Wire10" type="Area" parent="Fairy_Light"]
transform = Transform( 0.855411, -0.442057, -0.269922, 0.514001, 0.660269, 0.547584, -0.0638424, -0.60715, 0.792018, -0.0288, 0.028, 0.0213 )

[node name="CollisionShape" type="CollisionShape" parent="Fairy_Light/Collision_Wire10"]
transform = Transform( 1, 0, 0, 0, 1, 0, 0, 0, 1, -9.22452e-09, -0.0105124, -8.50381e-09 )
shape = SubResource( 24 )

[node name="Collision_Wire11" type="Area" parent="Fairy_Light"]
transform = Transform( 0.845245, -0.461197, 0.269922, 0.528731, 0.648533, -0.547584, 0.0774909, 0.605559, 0.792018, -0.0234, 0.031, -0.0211 )

[node name="CollisionShape" type="CollisionShape" parent="Fairy_Light/Collision_Wire11"]
transform = Transform( 1, 0, 0, 0, 1, 0, 0, 0, 1, -1.75017e-08, -0.00593959, 1.08605e-08 )
shape = SubResource( 25 )

[node name="Collision_Wire12" type="Area" parent="Fairy_Light"]
transform = Transform( 0.966297, -0.0953776, -0.239108, 0.123803, 0.986543, 0.106798, 0.225704, -0.1328, 0.965102, -0.0038, -0.0115, 0.0552 )

[node name="CollisionShape" type="CollisionShape" parent="Fairy_Light/Collision_Wire12"]
transform = Transform( 1, 0, 0, 0, 1, 0, 0, 0, 1, 2.31987e-08, -0.0204461, -9.81912e-09 )
shape = SubResource( 26 )

[node name="Collision_Wire13" type="Area" parent="Fairy_Light"]
transform = Transform( 0.968792, 0.0630888, 0.239712, -0.0915115, 0.989782, 0.109346, -0.230364, -0.12787, 0.964667, -0.0012, 0.8114, -0.0544 )

[node name="CollisionShape" type="CollisionShape" parent="Fairy_Light/Collision_Wire13"]
transform = Transform( 1, 0, 0, 0, 1, 0, 0, 0, 1, 3.18839e-08, 0.0172217, 1.42977e-09 )
shape = SubResource( 27 )

[node name="Collision_Wire14" type="Area" parent="Fairy_Light"]
transform = Transform( 0.834354, 0.44205, 0.329311, -0.543587, 0.560682, 0.624619, 0.0914741, -0.700163, 0.708099, -0.0292, 0.7731, -0.0186 )

[node name="CollisionShape" type="CollisionShape" parent="Fairy_Light/Collision_Wire14"]
transform = Transform( 1, 0, 0, 0, 1, 0, 0, 0, 1, -6.35396e-08, 0.00830178, 2.07681e-08 )
shape = SubResource( 28 )

[node name="Collision_Wire15" type="Area" parent="Fairy_Light"]
transform = Transform( 0.821108, 0.502915, -0.269922, -0.56052, 0.621263, -0.547584, -0.107696, 0.600923, 0.792018, -0.0253, 0.7626, 0.0259 )

[node name="CollisionShape" type="CollisionShape" parent="Fairy_Light/Collision_Wire15"]
transform = Transform( 1, 0, 0, 0, 1, 0, 0, 0, 1, -6.71423e-09, 0.00896632, -8.80421e-09 )
shape = SubResource( 29 )

[node name="Collision_Wire16" type="Area" parent="Fairy_Light"]
transform = Transform( 0.970771, 0.0478387, -0.235192, -0.0475504, 0.998845, 0.00690051, 0.23525, 0.00448464, 0.971924, 0.0006, 0.811, 0.0585 )

[node name="CollisionShape" type="CollisionShape" parent="Fairy_Light/Collision_Wire16"]
transform = Transform( 1, 0, 0, 0, 1, 0, 0, 0, 1, 2.32999e-08, 0.0162263, -9.7838e-09 )
shape = SubResource( 30 )
