[gd_scene load_steps=16 format=2]

[ext_resource path="res://cube_implementation.gd" type="Script" id=1]
[ext_resource path="res://models/movement/M1_leg2-1590906170834747074.obj" type="ArrayMesh" id=2]
[ext_resource path="res://models/movement/M1_Base-3681355340738455663.obj" type="ArrayMesh" id=3]
[ext_resource path="res://models/movement/M1_leg1-7848949862895971238.obj" type="ArrayMesh" id=4]
[ext_resource path="res://models/movement/M1_foot7364118362727403687.obj" type="ArrayMesh" id=5]
[ext_resource path="res://models/movement/M1_leg36365765227738750033.obj" type="ArrayMesh" id=6]
[ext_resource path="res://models/movement/M1_mechleg_arrows7523418270972629096.obj" type="ArrayMesh" id=7]

[sub_resource type="BoxShape" id=1]
extents = Vector3( 0.37, 0.19, 0.24 )

[sub_resource type="BoxShape" id=2]
extents = Vector3( 0.48, 0.15, 0.185 )

[sub_resource type="BoxShape" id=3]
extents = Vector3( 0.43, 0.21, 0.21 )

[sub_resource type="BoxShape" id=4]
extents = Vector3( 0.325, 0.145, 0.335 )

[sub_resource type="BoxShape" id=5]
extents = Vector3( 0.22, 0.105, 0.115 )

[sub_resource type="BoxShape" id=6]
extents = Vector3( 0.16, 0.18, 0.21 )

[sub_resource type="ConvexPolygonShape" id=7]
points = PoolVector3Array( -6.07282, -5.23983, 1.63947, 5.07549, -5.40616, 1.66575, -4.30184, -2.89679, 1.21021, -1.06224, -1.39653, 0.861289, 1.06224, -1.39653, 0.861289, -1.06224, -1.39653, 0.861289, 1.06224, -1.39653, 0.861289, -1.06224, -1.39653, -0.861302, 1.06224, -1.39653, -0.861302, -6.07282, -5.23983, -1.63948, -4.30184, -2.89679, -1.21022, 5.07549, -5.40616, -1.66577, -1.06224, -1.39653, -0.861302, 1.06224, -1.39653, -0.861302, -4.30184, -2.89679, 1.21021, -4.30184, -2.89679, -1.21022, -6.07282, -5.23983, 1.63947, -6.07282, -5.23983, -1.63948, -1.06224, -1.39653, 0.861289, -1.06224, -1.39653, -0.861302, -4.30184, -2.89679, 1.21021, -4.30184, -2.89679, -1.21022, 1.06224, -1.39653, -0.861302, 1.06224, -1.39653, 0.861289, 5.07549, -5.40616, -1.66577, 5.07549, -5.40616, 1.66575, 5.07549, -8.87496, 1.9633, -6.07282, -8.99319, 1.9633, 5.07549, -8.87496, -1.96331, -6.07282, -8.99319, -1.96331, 5.07549, -8.87496, -1.96331, -6.07282, -8.99319, -1.96331, 5.07549, -5.40616, -1.66577, -6.07282, -5.23983, -1.63948, -6.07282, -8.99319, -1.96331, -6.07282, -8.99319, 1.9633, -6.07282, -5.23983, -1.63948, -6.07282, -5.23983, 1.63947, -6.07282, -8.99319, 1.9633, 5.07549, -8.87496, 1.9633, -6.07282, -5.23983, 1.63947, 5.07549, -5.40616, 1.66575, 5.07549, -8.87496, 1.9633, 5.07549, -8.87496, -1.96331, 5.07549, -5.40616, 1.66575, 5.07549, -5.40616, -1.66577 )

[sub_resource type="BoxShape" id=8]
extents = Vector3( 0.095, 0.095, 0.095 )

[node name="T0_Mech_Leg_Steam" type="Spatial"]
script = ExtResource( 1 )

[node name="T0_Mech_Leg_Steam" type="Spatial" parent="."]

[node name="Build Collision" type="Spatial" parent="T0_Mech_Leg_Steam"]
transform = Transform( -1, 8.74228e-08, 0, -8.74228e-08, -1, 0, 0, 0, 1, 0, 0, 0 )

[node name="Collision" type="Area" parent="T0_Mech_Leg_Steam/Build Collision"]
transform = Transform( 4.76837e-07, 2.38419e-07, -1, -0.914038, 0.405629, -3.27826e-07, 0.405629, 0.914038, 3.57628e-07, 0, -0.553, 0.086 )

[node name="CollisionShape" type="CollisionShape" parent="T0_Mech_Leg_Steam/Build Collision/Collision"]
shape = SubResource( 1 )

[node name="Collision2" type="Area" parent="T0_Mech_Leg_Steam/Build Collision"]
transform = Transform( 2.38419e-07, -4.02331e-07, -1, 0.345967, 0.938247, -2.98023e-07, 0.938247, -0.345967, 3.57628e-07, 0, -0.896, -0.097 )

[node name="CollisionShape" type="CollisionShape" parent="T0_Mech_Leg_Steam/Build Collision/Collision2"]
shape = SubResource( 2 )

[node name="Collision3" type="Area" parent="T0_Mech_Leg_Steam/Build Collision"]
transform = Transform( 4.76837e-07, 1.60836e-07, -1, -0.901326, 0.389594, -3.57628e-07, 0.433142, 0.810708, 3.57628e-07, 0, -1.211, -0.283 )

[node name="CollisionShape" type="CollisionShape" parent="T0_Mech_Leg_Steam/Build Collision/Collision3"]
shape = SubResource( 3 )

[node name="Collision4" type="Area" parent="T0_Mech_Leg_Steam/Build Collision"]
transform = Transform( 1, 0, 0, 0, 1, 0, 0, 0, 1, 0, -1.55, -0.028 )

[node name="CollisionShape" type="CollisionShape" parent="T0_Mech_Leg_Steam/Build Collision/Collision4"]
shape = SubResource( 4 )

[node name="Collision5" type="Area" parent="T0_Mech_Leg_Steam/Build Collision"]
transform = Transform( -1, 3.01992e-07, 3.89414e-07, -3.01992e-07, -1, 1.176e-13, 3.89414e-07, 0, 1, 0, -0.212, 0.014 )

[node name="CollisionShape" type="CollisionShape" parent="T0_Mech_Leg_Steam/Build Collision/Collision5"]
shape = SubResource( 5 )

[node name="Collision6" type="Area" parent="T0_Mech_Leg_Steam/Build Collision"]
transform = Transform( 5.36442e-07, 2.98023e-08, -1, -0.700493, 0.713659, -3.57628e-07, 0.713659, 0.700493, 3.57628e-07, 0, -0.3497, -0.1364 )

[node name="CollisionShape" type="CollisionShape" parent="T0_Mech_Leg_Steam/Build Collision/Collision6"]
shape = SubResource( 6 )

[node name="ExtentCollider" type="Area" parent="T0_Mech_Leg_Steam"]
transform = Transform( 0, 1.87904e-07, -0.2, -4.5001e-07, -0.2, -1.87904e-07, -0.2, 4.5001e-07, 0, 0, -0.1, 0 )

[node name="CollisionShape" type="CollisionShape" parent="T0_Mech_Leg_Steam/ExtentCollider"]
shape = SubResource( 7 )

[node name="AttachCollider" type="Area" parent="T0_Mech_Leg_Steam"]
transform = Transform( 1, -3.89414e-07, -3.89414e-07, 3.89414e-07, 1, -1.51644e-13, 3.89414e-07, 0, 1, 0, 0, 0 )

[node name="CollisionShape" type="CollisionShape" parent="T0_Mech_Leg_Steam/AttachCollider"]
shape = SubResource( 8 )

[node name="arrows" type="Spatial" parent="T0_Mech_Leg_Steam"]

[node name="RC_Leg_Arrows_T7" type="MeshInstance" parent="T0_Mech_Leg_Steam/arrows"]
transform = Transform( 0, 0, -0.2, 1.74846e-08, -0.2, 0, -0.2, -1.74846e-08, 0, 0, -0.1, 0 )
cast_shadow = 0
mesh = ExtResource( 7 )
material/0 = null

[node name="base" type="MeshInstance" parent="T0_Mech_Leg_Steam"]
transform = Transform( 5.96046e-08, 7.78829e-08, -0.2, 2.27374e-14, -0.2, -7.78829e-08, -0.2, 0, -7.15256e-08, 0, -0.1, 0 )
cast_shadow = 0
mesh = ExtResource( 3 )
material/0 = null

[node name="hip" type="Spatial" parent="T0_Mech_Leg_Steam/base"]

[node name="leg1" type="MeshInstance" parent="T0_Mech_Leg_Steam/base/hip"]
transform = Transform( 0.487555, -0.873092, 3.97458e-07, 0.873092, 0.487555, -1.10699e-08, -1.84118e-07, 3.52415e-07, 1, 0, -2.12605, 0 )
cast_shadow = 0
mesh = ExtResource( 4 )
material/0 = null
material/1 = null

[node name="leg2" type="MeshInstance" parent="T0_Mech_Leg_Steam/base/hip/leg1"]
transform = Transform( -0.208833, -0.977951, -4.56682e-08, 0.977951, -0.208833, 4.4255e-08, -5.28162e-08, -3.54193e-08, 1, -2.51349, -0.344414, 7.58718e-05 )
cast_shadow = 0
mesh = ExtResource( 2 )
material/0 = null

[node name="leg3" type="MeshInstance" parent="T0_Mech_Leg_Steam/base/hip/leg1/leg2"]
transform = Transform( -0.137894, 0.990447, 5.89897e-09, -0.990447, -0.137894, 1.50451e-08, 1.57148e-08, -3.76799e-09, 1, -2.41974, 0.470189, -3.71911e-05 )
cast_shadow = 0
mesh = ExtResource( 6 )
material/0 = null
material/1 = null

[node name="foot" type="MeshInstance" parent="T0_Mech_Leg_Steam/base/hip/leg1/leg2/leg3"]
transform = Transform( 0.423441, 0.905924, 6.47453e-08, -0.905924, 0.423441, -8.5013e-08, -1.04431e-07, -2.26563e-08, 1, -2.5676, -0.416319, -3.83359e-05 )
cast_shadow = 0
mesh = ExtResource( 5 )
material/0 = null
