[gd_scene load_steps=16 format=2]

[ext_resource path="res://cube_implementation.gd" type="Script" id=1]
[ext_resource path="res://models/movement/M5_leg1-298746551009891752.obj" type="ArrayMesh" id=2]
[ext_resource path="res://models/movement/M5_Base-4638783138328431309.obj" type="ArrayMesh" id=3]
[ext_resource path="res://models/movement/M5_leg3-227736124591891428.obj" type="ArrayMesh" id=4]
[ext_resource path="res://models/movement/M5_mechleg_arrows3014161499907035519.obj" type="ArrayMesh" id=5]
[ext_resource path="res://models/movement/M5_leg2-6304502681807141078.obj" type="ArrayMesh" id=6]
[ext_resource path="res://models/movement/M5_foot8973003914835189211.obj" type="ArrayMesh" id=7]

[sub_resource type="BoxShape" id=1]
extents = Vector3( 0.645, 0.325, 0.27 )

[sub_resource type="BoxShape" id=2]
extents = Vector3( 0.49, 0.195, 0.185 )

[sub_resource type="BoxShape" id=3]
extents = Vector3( 0.53, 0.26, 0.27 )

[sub_resource type="BoxShape" id=4]
extents = Vector3( 0.325, 0.215, 0.46 )

[sub_resource type="BoxShape" id=5]
extents = Vector3( 0.24, 0.105, 0.275 )

[sub_resource type="BoxShape" id=6]
extents = Vector3( 0.16, 0.18, 0.27 )

[sub_resource type="ConvexPolygonShape" id=7]
points = PoolVector3Array( -8.71568, -7.52018, 2.90188, 7.28432, -7.75889, 2.9484, -6.17398, -4.15746, 2.14208, -1.52452, -2.0043, 1.52449, 1.52452, -2.0043, 1.52449, -1.52452, -2.0043, 1.52449, 1.52452, -2.0043, 1.52449, -1.52452, -2.0043, -1.52452, 1.52452, -2.0043, -1.52452, -8.71568, -7.52018, -2.9019, -6.17398, -4.15746, -2.1421, 7.28432, -7.75889, -2.94843, -1.52452, -2.0043, -1.52452, 1.52452, -2.0043, -1.52452, -6.17398, -4.15746, 2.14208, -6.17398, -4.15746, -2.1421, -8.71568, -7.52018, 2.90188, -8.71568, -7.52018, -2.9019, -1.52452, -2.0043, 1.52449, -1.52452, -2.0043, -1.52452, -6.17398, -4.15746, 2.14208, -6.17398, -4.15746, -2.1421, 1.52452, -2.0043, -1.52452, 1.52452, -2.0043, 1.52449, 7.28432, -7.75889, -2.94843, 7.28432, -7.75889, 2.9484, 7.28432, -12.7373, 3.47506, -8.71568, -12.907, 3.47506, 7.28432, -12.7373, -3.47509, -8.71568, -12.907, -3.47509, 7.28432, -12.7373, -3.47509, -8.71568, -12.907, -3.47509, 7.28432, -7.75889, -2.94843, -8.71568, -7.52018, -2.9019, -8.71568, -12.907, -3.47509, -8.71568, -12.907, 3.47506, -8.71568, -7.52018, -2.9019, -8.71568, -7.52018, 2.90188, -8.71568, -12.907, 3.47506, 7.28432, -12.7373, 3.47506, -8.71568, -7.52018, 2.90188, 7.28432, -7.75889, 2.9484, 7.28432, -12.7373, 3.47506, 7.28432, -12.7373, -3.47509, 7.28432, -7.75889, 2.9484, 7.28432, -7.75889, -2.94843 )

[sub_resource type="BoxShape" id=8]
extents = Vector3( 0.095, 0.095, 0.295 )

[node name="T2_Mech_Leg" type="Spatial"]
script = ExtResource( 1 )

[node name="T2_Mech_Leg" type="Spatial" parent="."]

[node name="Build Collision" type="Spatial" parent="T2_Mech_Leg"]
transform = Transform( -1, 8.74228e-08, 0, -8.74228e-08, -1, 0, 0, 0, 1, 0, 0, 0 )

[node name="Collision" type="Area" parent="T2_Mech_Leg/Build Collision"]
transform = Transform( 5.36442e-07, 0, -1, -0.700493, 0.71366, -3.8743e-07, 0.71366, 0.700493, 3.57628e-07, 0, -0.808, 0.352 )

[node name="CollisionShape" type="CollisionShape" parent="T2_Mech_Leg/Build Collision/Collision"]
shape = SubResource( 1 )

[node name="Collision2" type="Area" parent="T2_Mech_Leg/Build Collision"]
transform = Transform( 2.38419e-07, -4.02331e-07, -1, 0.345967, 0.938247, -2.98023e-07, 0.938247, -0.345967, 3.57628e-07, 0, -1.085, -0.072 )

[node name="CollisionShape" type="CollisionShape" parent="T2_Mech_Leg/Build Collision/Collision2"]
shape = SubResource( 2 )

[node name="Collision3" type="Area" parent="T2_Mech_Leg/Build Collision"]
transform = Transform( 4.76837e-07, 1.78814e-07, -1, -0.901326, 0.433142, -3.57628e-07, 0.433142, 0.901326, 3.57628e-07, 0, -1.489, -0.334 )

[node name="CollisionShape" type="CollisionShape" parent="T2_Mech_Leg/Build Collision/Collision3"]
shape = SubResource( 3 )

[node name="Collision4" type="Area" parent="T2_Mech_Leg/Build Collision"]
transform = Transform( 1, 0, 0, 0, 1, 0, 0, 0, 1, 0, -1.902, 0.166 )

[node name="CollisionShape" type="CollisionShape" parent="T2_Mech_Leg/Build Collision/Collision4"]
shape = SubResource( 4 )

[node name="Collision5" type="Area" parent="T2_Mech_Leg/Build Collision"]
transform = Transform( -1, 3.01992e-07, 3.89414e-07, -3.01992e-07, -1, 1.176e-13, 3.89414e-07, 0, 1, 0, -0.2121, 0 )

[node name="CollisionShape" type="CollisionShape" parent="T2_Mech_Leg/Build Collision/Collision5"]
shape = SubResource( 5 )

[node name="Collision6" type="Area" parent="T2_Mech_Leg/Build Collision"]
transform = Transform( 5.36442e-07, 2.98023e-08, -1, -0.700493, 0.713659, -3.57628e-07, 0.713659, 0.700493, 3.57628e-07, 0, -0.3709, -0.2805 )

[node name="CollisionShape" type="CollisionShape" parent="T2_Mech_Leg/Build Collision/Collision6"]
shape = SubResource( 6 )

[node name="ExtentCollider" type="Area" parent="T2_Mech_Leg"]
transform = Transform( 0, 1.60717e-07, -0.171063, -3.849e-07, -0.171063, -1.60717e-07, -0.171063, 3.849e-07, 0, 0, -0.1, 0 )

[node name="CollisionShape" type="CollisionShape" parent="T2_Mech_Leg/ExtentCollider"]
shape = SubResource( 7 )

[node name="AttachCollider" type="Area" parent="T2_Mech_Leg"]
transform = Transform( 1, -3.89414e-07, -3.89414e-07, 3.89414e-07, 1, -1.51644e-13, 3.89414e-07, 0, 1, 0, 0, 0 )

[node name="CollisionShape" type="CollisionShape" parent="T2_Mech_Leg/AttachCollider"]
shape = SubResource( 8 )

[node name="arrows" type="Spatial" parent="T2_Mech_Leg"]

[node name="Arrows" type="MeshInstance" parent="T2_Mech_Leg/arrows"]
transform = Transform( 0, 0, -0.2, -1.74846e-08, -0.2, 0, -0.2, 1.74846e-08, 0, 0, -0.1, 0 )
cast_shadow = 0
mesh = ExtResource( 5 )
material/0 = null

[node name="base" type="MeshInstance" parent="T2_Mech_Leg"]
transform = Transform( 5.96046e-08, 7.78829e-08, -0.2, 2.27374e-14, -0.2, -7.78829e-08, -0.2, 0, -7.15256e-08, 0, -0.1, 0 )
cast_shadow = 0
mesh = ExtResource( 3 )
material/0 = null

[node name="hip" type="Spatial" parent="T2_Mech_Leg/base"]

[node name="leg1" type="MeshInstance" parent="T2_Mech_Leg/base/hip"]
transform = Transform( 0.72739, -0.686225, -1.78462e-06, 0.686225, 0.72739, -7.4047e-08, 1.34892e-06, -1.17079e-06, 1, -0.0062561, -2.35804, 0.00658016 )
cast_shadow = 0
mesh = ExtResource( 2 )
material/0 = null
material/1 = null

[node name="leg2" type="MeshInstance" parent="T2_Mech_Leg/base/hip/leg1"]
transform = Transform( -0.493061, -0.869995, 7.31187e-08, 0.869995, -0.493061, 1.05241e-07, -5.55067e-08, 1.15503e-07, 1, -2.92736, -1.35975, -0.000188482 )
cast_shadow = 0
mesh = ExtResource( 6 )
material/0 = null

[node name="leg3" type="MeshInstance" parent="T2_Mech_Leg/base/hip/leg1/leg2"]
transform = Transform( -0.137894, 0.990447, -1.33873e-07, -0.990447, -0.137894, -3.19216e-08, -5.0077e-08, 1.28193e-07, 1, -2.99938, 0.58399, 0 )
cast_shadow = 0
mesh = ExtResource( 4 )
material/0 = null
material/1 = null

[node name="foot" type="MeshInstance" parent="T2_Mech_Leg/base/hip/leg1/leg2/leg3"]
transform = Transform( 0.423441, 0.905924, -2.54198e-08, -0.905924, 0.423441, -5.99258e-08, -4.35245e-08, 4.84034e-08, 1, -3.10714, -0.507314, -4.16285e-05 )
cast_shadow = 0
mesh = ExtResource( 7 )
material/0 = null
material/1 = null
