[gd_scene load_steps=17 format=2]

[ext_resource path="res://cube_implementation.gd" type="Script" id=1]
[ext_resource path="res://models/movement/M7_mechleg_arrows-2337459350748401884.obj" type="ArrayMesh" id=2]
[ext_resource path="res://models/movement/M7_Base931031302713632973.obj" type="ArrayMesh" id=3]
[ext_resource path="res://models/movement/M7_foot3352015967350005256.obj" type="ArrayMesh" id=4]
[ext_resource path="res://models/movement/M7_leg2-3263715302478150375.obj" type="ArrayMesh" id=5]
[ext_resource path="res://models/movement/M7_leg13299274205991793385.obj" type="ArrayMesh" id=6]
[ext_resource path="res://models/movement/M7_leg37397127142134934208.obj" type="ArrayMesh" id=7]

[sub_resource type="BoxShape" id=1]
extents = Vector3( 0.645, 0.325, 0.27 )

[sub_resource type="BoxShape" id=2]
extents = Vector3( 0.49, 0.195, 0.185 )

[sub_resource type="BoxShape" id=3]
extents = Vector3( 0.595, 0.26, 0.27 )

[sub_resource type="BoxShape" id=4]
extents = Vector3( 0.325, 0.215, 0.46 )

[sub_resource type="BoxShape" id=5]
extents = Vector3( 0.24, 0.105, 0.275 )

[sub_resource type="BoxShape" id=6]
extents = Vector3( 0.16, 0.18, 0.27 )

[sub_resource type="ConvexPolygonShape" id=7]
points = PoolVector3Array( -8.71568, -7.52018, 2.90188, 7.28432, -7.75889, 2.9484, -6.17398, -4.15746, 2.14208, -1.52452, -2.0043, 1.52449, 1.52452, -2.0043, 1.52449, -1.52452, -2.0043, 1.52449, 1.52452, -2.0043, 1.52449, -1.52452, -2.0043, -1.52452, 1.52452, -2.0043, -1.52452, -8.71568, -7.52018, -2.9019, -6.17398, -4.15746, -2.1421, 7.28432, -7.75889, -2.94843, -1.52452, -2.0043, -1.52452, 1.52452, -2.0043, -1.52452, -6.17398, -4.15746, 2.14208, -6.17398, -4.15746, -2.1421, -8.71568, -7.52018, 2.90188, -8.71568, -7.52018, -2.9019, -1.52452, -2.0043, 1.52449, -1.52452, -2.0043, -1.52452, -6.17398, -4.15746, 2.14208, -6.17398, -4.15746, -2.1421, 1.52452, -2.0043, -1.52452, 1.52452, -2.0043, 1.52449, 7.28432, -7.75889, -2.94843, 7.28432, -7.75889, 2.9484, 7.28432, -12.7373, 3.47506, -8.71568, -12.907, 3.47506, 7.28432, -12.7373, -3.47509, -8.71568, -12.907, -3.47509, 7.28432, -12.7373, -3.47509, -8.71568, -12.907, -3.47509, 7.28432, -7.75889, -2.94843, -8.71568, -7.52018, -2.9019, -8.71568, -12.907, -3.47509, -8.71568, -12.907, 3.47506, -8.71568, -7.52018, -2.9019, -8.71568, -7.52018, 2.90188, -8.71568, -12.907, 3.47506, 7.28432, -12.7373, 3.47506, -8.71568, -7.52018, 2.90188, 7.28432, -7.75889, 2.9484, 7.28432, -12.7373, 3.47506, 7.28432, -12.7373, -3.47509, 7.28432, -7.75889, 2.9484, 7.28432, -7.75889, -2.94843 )

[sub_resource type="BoxShape" id=8]
extents = Vector3( 0.095, 0.095, 0.295 )

[sub_resource type="BoxShape" id=9]
extents = Vector3( 0.095, 0.095, 0.295 )

[node name="T3_Mech_Leg" type="Spatial"]
script = ExtResource( 1 )

[node name="T3_Mech_Leg" type="Spatial" parent="."]

[node name="Build Collision" type="Spatial" parent="T3_Mech_Leg"]
transform = Transform( -1, 8.74228e-08, 0, -8.74228e-08, -1, 0, 0, 0, 1, 0, 0, 0 )

[node name="Collision" type="Area" parent="T3_Mech_Leg/Build Collision"]
transform = Transform( 5.36442e-07, 0, -1, -0.700493, 0.71366, -3.8743e-07, 0.71366, 0.700493, 3.57628e-07, 0, -0.808, 0.352 )

[node name="CollisionShape" type="CollisionShape" parent="T3_Mech_Leg/Build Collision/Collision"]
shape = SubResource( 1 )

[node name="Collision2" type="Area" parent="T3_Mech_Leg/Build Collision"]
transform = Transform( 2.38419e-07, -4.02331e-07, -1, 0.345967, 0.938247, -2.98023e-07, 0.938247, -0.345967, 3.57628e-07, 0, -1.142, -0.051 )

[node name="CollisionShape" type="CollisionShape" parent="T3_Mech_Leg/Build Collision/Collision2"]
shape = SubResource( 2 )

[node name="Collision3" type="Area" parent="T3_Mech_Leg/Build Collision"]
transform = Transform( 4.76837e-07, 1.78814e-07, -1, -0.901326, 0.433142, -3.57628e-07, 0.433142, 0.901326, 3.57628e-07, 0, -1.641, -0.331 )

[node name="CollisionShape" type="CollisionShape" parent="T3_Mech_Leg/Build Collision/Collision3"]
shape = SubResource( 3 )

[node name="Collision4" type="Area" parent="T3_Mech_Leg/Build Collision"]
transform = Transform( 1, 0, 0, 0, 1, 0, 0, 0, 1, 0, -2, 0.166 )

[node name="CollisionShape" type="CollisionShape" parent="T3_Mech_Leg/Build Collision/Collision4"]
shape = SubResource( 4 )

[node name="Collision5" type="Area" parent="T3_Mech_Leg/Build Collision"]
transform = Transform( -1, 3.01992e-07, 3.89414e-07, -3.01992e-07, -1, 1.176e-13, 3.89414e-07, 0, 1, 0, -0.2121, 0 )

[node name="CollisionShape" type="CollisionShape" parent="T3_Mech_Leg/Build Collision/Collision5"]
shape = SubResource( 5 )

[node name="Collision6" type="Area" parent="T3_Mech_Leg/Build Collision"]
transform = Transform( 5.36442e-07, 2.98023e-08, -1, -0.700493, 0.713659, -3.57628e-07, 0.713659, 0.700493, 3.57628e-07, 0, -0.3709, -0.2805 )

[node name="CollisionShape" type="CollisionShape" parent="T3_Mech_Leg/Build Collision/Collision6"]
shape = SubResource( 6 )

[node name="ExtentCollider" type="Area" parent="T3_Mech_Leg"]
transform = Transform( 0, 1.75142e-07, -0.186416, -4.19446e-07, -0.186416, -1.75142e-07, -0.186416, 4.19446e-07, 0, 0, -0.17, 0 )

[node name="CollisionShape" type="CollisionShape" parent="T3_Mech_Leg/ExtentCollider"]
shape = SubResource( 7 )

[node name="AttachCollider" type="Area" parent="T3_Mech_Leg"]
transform = Transform( 1, -3.89414e-07, -3.89414e-07, 3.89414e-07, 1, -1.51644e-13, 3.89414e-07, 0, 1, 0, 0, 0 )

[node name="CollisionShape" type="CollisionShape" parent="T3_Mech_Leg/AttachCollider"]
shape = SubResource( 8 )

[node name="arrows" type="Spatial" parent="T3_Mech_Leg"]

[node name="Arrows" type="MeshInstance" parent="T3_Mech_Leg/arrows"]
transform = Transform( 0, 0, -0.2, -1.74846e-08, -0.2, 0, -0.2, 1.74846e-08, 0, 0, -0.1, 0 )
cast_shadow = 0
mesh = ExtResource( 2 )
material/0 = null

[node name="base" type="MeshInstance" parent="T3_Mech_Leg"]
transform = Transform( 5.96046e-08, 7.78829e-08, -0.2, 2.27374e-14, -0.2, -7.78829e-08, -0.2, 0, -7.15256e-08, 0, -0.1, 0 )
cast_shadow = 0
mesh = ExtResource( 3 )
material/0 = null

[node name="hip" type="Spatial" parent="T3_Mech_Leg/base"]

[node name="leg1" type="MeshInstance" parent="T3_Mech_Leg/base/hip"]
transform = Transform( 0.72739, -0.686225, 2.26967e-06, 0.686225, 0.72739, -5.36392e-09, -1.64725e-06, 1.56141e-06, 1, -0.0054121, -2.35728, 0.00663261 )
cast_shadow = 0
mesh = ExtResource( 6 )
material/0 = null
material/1 = null

[node name="leg2" type="MeshInstance" parent="T3_Mech_Leg/base/hip/leg1"]
transform = Transform( -0.493061, -0.869994, 1.09179e-07, 0.869994, -0.493061, -4.6027e-08, 9.3875e-08, 7.22908e-08, 1, -3.2726, -1.52011, -0.000155722 )
cast_shadow = 0
mesh = ExtResource( 5 )
material/0 = null

[node name="leg3" type="MeshInstance" parent="T3_Mech_Leg/base/hip/leg1/leg2"]
transform = Transform( -0.137894, 0.990447, 5.16796e-09, -0.990447, -0.137894, 4.0125e-08, 4.04543e-08, 4.14401e-10, 1, -3.35311, 0.652859, 0 )
cast_shadow = 0
mesh = ExtResource( 7 )
material/0 = null
material/1 = null

[node name="foot" type="MeshInstance" parent="T3_Mech_Leg/base/hip/leg1/leg2/leg3"]
transform = Transform( 0.423441, 0.905924, -1.56294e-08, -0.905924, 0.423441, 1.02712e-08, 1.59231e-08, 9.80983e-09, 1, -3.47359, -0.567148, -3.31138e-05 )
cast_shadow = 0
mesh = ExtResource( 4 )
material/0 = null
material/1 = null

[node name="AttachCollider2" type="Area" parent="T3_Mech_Leg"]
transform = Transform( -3.57628e-07, -3.89414e-07, -1, -1.42109e-13, 1, -3.89414e-07, 1, 1.42109e-14, -3.57628e-07, 0, 0, 0 )

[node name="CollisionShape" type="CollisionShape" parent="T3_Mech_Leg/AttachCollider2"]
shape = SubResource( 9 )
