[gd_scene load_steps=19 format=2]

[ext_resource path="res://cube_implementation.gd" type="Script" id=1]
[ext_resource path="res://models/movement/RC_Cube_TankTrack_T58159262376501419593.obj" type="ArrayMesh" id=2]
[ext_resource path="res://models/movement/suspension1639222664427282314.obj" type="ArrayMesh" id=3]
[ext_resource path="res://models/movement/leftArm1904260283927405077.obj" type="ArrayMesh" id=4]
[ext_resource path="res://models/movement/wheelLeft2030374691621863495.obj" type="ArrayMesh" id=5]
[ext_resource path="res://models/movement/wheelTopRight-2551152842181897792.obj" type="ArrayMesh" id=6]
[ext_resource path="res://models/movement/wheelTopLeft6158996026621641898.obj" type="ArrayMesh" id=7]
[ext_resource path="res://models/movement/wheeRight-6113602799622884676.obj" type="ArrayMesh" id=8]
[ext_resource path="res://models/movement/rightArm5891152522464174935.obj" type="ArrayMesh" id=9]
[ext_resource path="res://models/movement/wheel_bottomMiddle-60859570287065180.obj" type="ArrayMesh" id=10]

[sub_resource type="BoxShape" id=1]
extents = Vector3( 0.4, 0.4975, 0.4 )

[sub_resource type="BoxShape" id=2]
extents = Vector3( 0.4, 0.4975, 0.4 )

[sub_resource type="BoxShape" id=3]
extents = Vector3( 0.4975, 0.4, 0.4 )

[sub_resource type="BoxShape" id=4]
extents = Vector3( 0.4975, 0.4, 0.4 )

[sub_resource type="BoxShape" id=5]
extents = Vector3( 0.695, 1.74, 4.38 )

[sub_resource type="BoxShape" id=6]
extents = Vector3( 1.28, 1.74, 1.665 )

[sub_resource type="BoxShape" id=7]
extents = Vector3( 0.65, 1.74, 2.085 )

[sub_resource type="BoxShape" id=8]
extents = Vector3( 0.65, 1.74, 2.085 )

[node name="T3_Tank_Track" type="Spatial"]
script = ExtResource( 1 )

[node name="T3_Tank_Track" type="Spatial" parent="."]

[node name="Colliders" type="Spatial" parent="T3_Tank_Track"]
transform = Transform( 0.2, 0, 0, 0, 0.2, 0, 0, 0, 0.2, 0, 0, 0 )

[node name="Base" type="Area" parent="T3_Tank_Track/Colliders"]
transform = Transform( 1, 0, 0, 0, 1, 0, 0, 0, 1, 0, 3, 0 )

[node name="CollisionShape" type="CollisionShape" parent="T3_Tank_Track/Colliders/Base"]
shape = SubResource( 1 )

[node name="Base2" type="Area" parent="T3_Tank_Track/Colliders"]

[node name="CollisionShape" type="CollisionShape" parent="T3_Tank_Track/Colliders/Base2"]
shape = SubResource( 2 )

[node name="Base3" type="Area" parent="T3_Tank_Track/Colliders"]
transform = Transform( 1, 0, 0, 0, 1, 0, 0, 0, 1, 1, 1, 0 )

[node name="CollisionShape" type="CollisionShape" parent="T3_Tank_Track/Colliders/Base3"]
shape = SubResource( 3 )

[node name="Base_mirrored" type="Area" parent="T3_Tank_Track/Colliders"]
transform = Transform( -1, 0, 0, 0, -1, 0, 0, 0, 1, 1, 2, 0 )

[node name="CollisionShape" type="CollisionShape" parent="T3_Tank_Track/Colliders/Base_mirrored"]
shape = SubResource( 4 )

[node name="BuildSize" type="Area" parent="T3_Tank_Track/Colliders"]
transform = Transform( 1, 0, 0, 0, 1, 0, 0, 0, 1, -0.7657, 1.52021, 0.00413895 )

[node name="CollisionShape" type="CollisionShape" parent="T3_Tank_Track/Colliders/BuildSize"]
shape = SubResource( 5 )

[node name="BuildSize2" type="Area" parent="T3_Tank_Track/Colliders"]
transform = Transform( 1, 0, 0, 0, 1, 0, 0, 0, 1, 0.144291, 1.52021, 0.00413895 )

[node name="CollisionShape" type="CollisionShape" parent="T3_Tank_Track/Colliders/BuildSize2"]
shape = SubResource( 6 )

[node name="BuildSize3" type="Area" parent="T3_Tank_Track/Colliders"]
transform = Transform( 0.939888, 1.09603e-08, -0.341483, 1.09603e-08, 1, 6.2263e-08, 0.341483, -6.22629e-08, 0.939888, 0.108099, 1.52021, 2.10328 )

[node name="CollisionShape" type="CollisionShape" parent="T3_Tank_Track/Colliders/BuildSize3"]
shape = SubResource( 7 )

[node name="BuildSize_mirrored" type="Area" parent="T3_Tank_Track/Colliders"]
transform = Transform( 0.939888, 1.09603e-08, 0.341483, 1.09603e-08, 1, -6.2263e-08, -0.341483, 6.22629e-08, 0.939888, 0.108099, 1.52021, -2.10328 )

[node name="CollisionShape" type="CollisionShape" parent="T3_Tank_Track/Colliders/BuildSize_mirrored"]
shape = SubResource( 8 )

[node name="RC_Cube_TankTrack_T5" type="MeshInstance" parent="T3_Tank_Track"]
transform = Transform( 0, 0.2, 0, -0.2, 0, 0, 0, 0, 0.2, 0, -0.0999999, 0 )
cast_shadow = 0
mesh = ExtResource( 2 )
material/0 = null

[node name="T5_Rig" type="Spatial" parent="T3_Tank_Track/RC_Cube_TankTrack_T5"]
transform = Transform( -0.984897, 0.025988, 0.17118, 0.0263773, 0.999652, 0, -0.17112, 0.00451526, -0.98524, -2, 0.5, 2.44141e-05 )

[node name="joint_leftMiddle" type="Spatial" parent="T3_Tank_Track/RC_Cube_TankTrack_T5/T5_Rig"]
transform = Transform( 0.909175, -0.193261, -0.368851, 0.211688, 0.977289, 0.00973266, 0.358593, -0.08693, 0.929438, -0.32039, -0.273553, -1.80186 )

[node name="joint_leftMiddleEnd" type="Spatial" parent="T3_Tank_Track/RC_Cube_TankTrack_T5/T5_Rig/joint_leftMiddle"]
transform = Transform( -0.828559, 0.235596, -0.507922, 0.200859, 0.971851, 0.12313, 0.522634, 3.72529e-09, -0.852557, -1.1095, -0.589003, -1.53258 )

[node name="leftArm" type="MeshInstance" parent="T3_Tank_Track/RC_Cube_TankTrack_T5/T5_Rig/joint_leftMiddle"]
transform = Transform( -0.828559, 0.235596, -0.507922, 0.200859, 0.971851, 0.12313, 0.522634, 3.72529e-09, -0.852557, 0.0108182, -0.00262255, -0.00682384 )
cast_shadow = 0
mesh = ExtResource( 4 )
material/0 = null

[node name="wheelLeft" type="MeshInstance" parent="T3_Tank_Track/RC_Cube_TankTrack_T5/T5_Rig/joint_leftMiddle/leftArm"]
transform = Transform( 1, 0, 0, 0, 1, 0, 0, 0, 1, 0, -0.833817, 1.79763 )
cast_shadow = 0
mesh = ExtResource( 5 )
material/0 = null

[node name="joint_middleBottom" type="Spatial" parent="T3_Tank_Track/RC_Cube_TankTrack_T5/T5_Rig"]
transform = Transform( 1, 0, 0, 0, 1, 0, 0, 0, 1, -0.0306063, -1.15999, 9.62148e-06 )

[node name="suspension" type="MeshInstance" parent="T3_Tank_Track/RC_Cube_TankTrack_T5/T5_Rig/joint_middleBottom"]
transform = Transform( -0.984897, 0.0263773, -0.17112, 0.025988, 0.999652, 0.00451526, 0.17118, 0, -0.98524, 0.0278083, 0.566149, -0.00223524 )
cast_shadow = 0
mesh = ExtResource( 3 )
material/0 = null

[node name="wheel_bottomMiddle" type="MeshInstance" parent="T3_Tank_Track/RC_Cube_TankTrack_T5/T5_Rig/joint_middleBottom/suspension"]
transform = Transform( 1, -1.8065e-16, -8.32667e-17, 1.8065e-16, 1, 3.98119e-16, 8.32667e-17, -3.98119e-16, 1, 6.10352e-07, -0.566686, 4.88281e-06 )
cast_shadow = 0
mesh = ExtResource( 10 )
material/0 = null

[node name="joint_rightMiddle" type="Spatial" parent="T3_Tank_Track/RC_Cube_TankTrack_T5/T5_Rig"]
transform = Transform( 0.953397, -0.0321201, 0.300005, 0.036158, 0.999315, -0.00791608, -0.299545, 0.0183948, 0.953905, 0.305522, -0.290069, 1.80188 )

[node name="joint_rightMiddleEnd" type="Spatial" parent="T3_Tank_Track/RC_Cube_TankTrack_T5/T5_Rig/joint_rightMiddle"]
transform = Transform( 0.953397, 0.036158, -0.299545, -0.0321201, 0.999315, 0.0183948, 0.300005, -0.00791608, 0.953905, -0.288648, -0.817662, 1.78179 )

[node name="rightArm" type="MeshInstance" parent="T3_Tank_Track/RC_Cube_TankTrack_T5/T5_Rig/joint_rightMiddle"]
transform = Transform( -0.989334, 0.0612935, 0.132142, 0.060754, 0.99812, -0.00811471, -0.132391, 0, -0.991198, 0.0129174, -0.000793243, 0.00172858 )
cast_shadow = 0
mesh = ExtResource( 9 )
material/0 = null

[node name="wheeRight" type="MeshInstance" parent="T3_Tank_Track/RC_Cube_TankTrack_T5/T5_Rig/joint_rightMiddle/rightArm"]
transform = Transform( 1, 0, 0, 0, 1, 0, 0, 0, 1, 0, -0.833817, -1.79762 )
cast_shadow = 0
mesh = ExtResource( 8 )
material/0 = null

[node name="track" type="Spatial" parent="T3_Tank_Track/RC_Cube_TankTrack_T5"]
transform = Transform( 1, 0, 0, 0, 1, 0, 0, 0, 1, -14, -1.5, 15.5 )

[node name="wheelTopLeft" type="MeshInstance" parent="T3_Tank_Track/RC_Cube_TankTrack_T5"]
transform = Transform( 1, 0, 0, 0, 1, 0, 0, 0, 1, -2.01306, 0.218091, 1.82888 )
cast_shadow = 0
mesh = ExtResource( 7 )
material/0 = null

[node name="wheelTopRight" type="MeshInstance" parent="T3_Tank_Track/RC_Cube_TankTrack_T5"]
transform = Transform( 1, 0, 0, 0, 1, 0, 0, 0, 1, -2.01306, 0.218091, -1.82885 )
cast_shadow = 0
mesh = ExtResource( 6 )
material/0 = null
